% time	cellId	IMSI	RNTI	sinrLinear	componentCarrierId
0.041	1	1	1	5325.04	0
0.042	1	2	2	5324.02	0
0.043	1	3	3	5323.64	0
0.081	1	1	1	5325.04	0
0.082	1	2	2	5324.02	0
0.083	1	3	3	5323.64	0
0.121	1	1	1	5325.05	0
0.122	1	2	2	5324.02	0
0.123	1	3	3	5323.65	0
0.161	1	1	1	5325.05	0
0.162	1	2	2	5324.02	0
0.163	1	3	3	5323.65	0
0.201	1	1	1	5325.05	0
0.202	1	2	2	5324.02	0
0.203	1	3	3	5323.65	0
0.241	1	1	1	5325.05	0
0.242	1	2	2	5324.02	0
0.243	1	3	3	5323.65	0
0.281	1	1	1	5325.05	0
0.282	1	2	2	5324.02	0
0.283	1	3	3	5323.65	0
0.321	1	1	1	5325.05	0
0.322	1	2	2	5324.02	0
0.323	1	3	3	5323.65	0
0.361	1	1	1	5325.05	0
0.362	1	2	2	5324.02	0
0.363	1	3	3	5323.65	0
0.401	1	1	1	5325.05	0
0.402	1	2	2	5324.02	0
0.403	1	3	3	5323.65	0
0.441	1	1	1	5325.05	0
0.442	1	2	2	5324.02	0
0.443	1	3	3	5323.65	0
0.481	1	1	1	5325.05	0
0.482	1	2	2	5324.02	0
0.483	1	3	3	5323.66	0
0.521	1	1	1	5325.05	0
0.522	1	2	2	5324.02	0
0.523	1	3	3	5323.66	0
0.561	1	1	1	5325.05	0
0.562	1	2	2	5324.01	0
0.563	1	3	3	5323.66	0
0.601	1	1	1	5325.05	0
0.602	1	2	2	5324.01	0
0.603	1	3	3	5323.66	0
0.641	1	1	1	5325.05	0
0.642	1	2	2	5324.01	0
0.643	1	3	3	5323.66	0
0.681	1	1	1	5325.05	0
0.682	1	2	2	5324.01	0
0.683	1	3	3	5323.66	0
0.721	1	1	1	5325.05	0
0.722	1	2	2	5324.01	0
0.723	1	3	3	5323.66	0
0.761	1	1	1	5325.05	0
0.762	1	2	2	5324.01	0
0.763	1	3	3	5323.66	0
0.801	1	1	1	5325.05	0
0.802	1	2	2	5324.01	0
0.803	1	3	3	5323.66	0
0.841	1	1	1	5325.05	0
0.842	1	2	2	5324.01	0
0.843	1	3	3	5323.67	0
0.881	1	1	1	5325.05	0
0.882	1	2	2	5324.01	0
0.883	1	3	3	5323.67	0
0.921	1	1	1	5325.05	0
0.922	1	2	2	5324.01	0
0.923	1	3	3	5323.67	0
0.961	1	1	1	5325.05	0
0.962	1	2	2	5324.01	0
0.963	1	3	3	5323.67	0
1.001	1	1	1	5325.05	0
1.002	1	2	2	5324.01	0
1.003	1	3	3	5323.67	0
1.041	1	1	1	5325.05	0
1.042	1	2	2	5324.01	0
1.043	1	3	3	5323.67	0
1.081	1	1	1	5325.05	0
1.082	1	2	2	5324.01	0
1.083	1	3	3	5323.67	0
1.121	1	1	1	5325.05	0
1.122	1	2	2	5324.01	0
1.123	1	3	3	5323.67	0
1.161	1	1	1	5325.06	0
1.162	1	2	2	5324.01	0
1.163	1	3	3	5323.68	0
1.201	1	1	1	5325.06	0
1.202	1	2	2	5324.01	0
1.203	1	3	3	5323.68	0
1.241	1	1	1	5325.06	0
1.242	1	2	2	5324.01	0
1.243	1	3	3	5323.68	0
1.281	1	1	1	5325.06	0
1.282	1	2	2	5324.01	0
1.283	1	3	3	5323.68	0
1.321	1	1	1	5325.06	0
1.322	1	2	2	5324.01	0
1.323	1	3	3	5323.68	0
1.361	1	1	1	5325.06	0
1.362	1	2	2	5324.01	0
1.363	1	3	3	5323.68	0
1.401	1	1	1	5325.06	0
1.402	1	2	2	5324.01	0
1.403	1	3	3	5323.68	0
1.441	1	1	1	5325.06	0
1.442	1	2	2	5324.01	0
1.443	1	3	3	5323.68	0
1.481	1	1	1	5325.06	0
1.482	1	2	2	5324.01	0
1.483	1	3	3	5323.68	0
1.521	1	1	1	5325.06	0
1.522	1	2	2	5324.01	0
1.523	1	3	3	5323.69	0
1.561	1	1	1	5325.06	0
1.562	1	2	2	5324.01	0
1.563	1	3	3	5323.69	0
1.601	1	1	1	5325.06	0
1.602	1	2	2	5324.01	0
1.603	1	3	3	5323.69	0
1.641	1	1	1	5325.06	0
1.642	1	2	2	5324.01	0
1.643	1	3	3	5323.69	0
1.681	1	1	1	5325.06	0
1.682	1	2	2	5324.01	0
1.683	1	3	3	5323.69	0
1.721	1	1	1	5325.06	0
1.722	1	2	2	5324.01	0
1.723	1	3	3	5323.69	0
1.761	1	1	1	5325.06	0
1.762	1	2	2	5324	0
1.763	1	3	3	5323.69	0
1.801	1	1	1	5325.06	0
1.802	1	2	2	5324	0
1.803	1	3	3	5323.69	0
1.841	1	1	1	5325.06	0
1.842	1	2	2	5324	0
1.843	1	3	3	5323.69	0
1.881	1	1	1	5325.06	0
1.882	1	2	2	5324	0
1.883	1	3	3	5323.7	0
1.921	1	1	1	5325.06	0
1.922	1	2	2	5324	0
1.923	1	3	3	5323.7	0
1.961	1	1	1	5325.06	0
1.962	1	2	2	5324	0
1.963	1	3	3	5323.7	0
2.001	1	1	1	5324.79	0
2.002	1	2	2	5324.03	0
2.003	1	3	3	5325.28	0
2.041	1	1	1	5324.5	0
2.042	1	2	2	5324.03	0
2.043	1	3	3	5325.52	0
2.081	1	1	1	5324.49	0
2.082	1	2	2	5324.03	0
2.083	1	3	3	5325.52	0
2.121	1	1	1	5324.48	0
2.122	1	2	2	5324.02	0
2.123	1	3	3	5325.52	0
2.161	1	1	1	5324.48	0
2.162	1	2	2	5324.01	0
2.163	1	3	3	5325.52	0
2.201	1	1	1	5324.47	0
2.202	1	2	2	5324.01	0
2.203	1	3	3	5325.52	0
2.241	1	1	1	5324.47	0
2.242	1	2	2	5324	0
2.243	1	3	3	5325.53	0
2.281	1	1	1	5324.46	0
2.282	1	2	2	5323.99	0
2.283	1	3	3	5325.53	0
2.321	1	1	1	5324.45	0
2.322	1	2	2	5323.99	0
2.323	1	3	3	5325.53	0
2.361	1	1	1	5324.45	0
2.362	1	2	2	5323.98	0
2.363	1	3	3	5325.53	0
2.401	1	1	1	5324.44	0
2.402	1	2	2	5323.97	0
2.403	1	3	3	5325.53	0
2.441	1	1	1	5324.44	0
2.442	1	2	2	5323.97	0
2.443	1	3	3	5325.53	0
2.481	1	1	1	5324.43	0
2.482	1	2	2	5323.96	0
2.483	1	3	3	5325.54	0
2.521	1	1	1	5324.42	0
2.522	1	2	2	5323.95	0
2.523	1	3	3	5325.54	0
2.561	1	1	1	5324.42	0
2.562	1	2	2	5323.95	0
2.563	1	3	3	5325.54	0
2.601	1	1	1	5324.41	0
2.602	1	2	2	5323.94	0
2.603	1	3	3	5325.54	0
2.641	1	1	1	5324.41	0
2.642	1	2	2	5323.94	0
2.643	1	3	3	5325.54	0
2.681	1	1	1	5324.4	0
2.682	1	2	2	5323.93	0
2.683	1	3	3	5325.54	0
2.721	1	1	1	5324.4	0
2.722	1	2	2	5323.92	0
2.723	1	3	3	5325.55	0
2.761	1	1	1	5324.39	0
2.762	1	2	2	5323.92	0
2.763	1	3	3	5325.55	0
2.801	1	1	1	5324.38	0
2.802	1	2	2	5323.91	0
2.803	1	3	3	5325.55	0
2.841	1	1	1	5324.38	0
2.842	1	2	2	5323.91	0
2.843	1	3	3	5325.55	0
2.881	1	1	1	5324.37	0
2.882	1	2	2	5323.9	0
2.883	1	3	3	5325.55	0
2.921	1	1	1	5324.37	0
2.922	1	2	2	5323.9	0
2.923	1	3	3	5325.56	0
2.961	1	1	1	5324.36	0
2.962	1	2	2	5323.89	0
2.963	1	3	3	5325.56	0
3.001	1	1	1	5324.35	0
3.002	1	2	2	5323.88	0
3.003	1	3	3	5325.56	0
3.041	1	1	1	5324.35	0
3.042	1	2	2	5323.88	0
3.043	1	3	3	5325.56	0
3.081	1	1	1	5324.34	0
3.082	1	2	2	5323.87	0
3.083	1	3	3	5325.56	0
3.121	1	1	1	5324.34	0
3.122	1	2	2	5323.87	0
3.123	1	3	3	5325.56	0
3.161	1	1	1	5324.33	0
3.162	1	2	2	5323.86	0
3.163	1	3	3	5325.57	0
3.201	1	1	1	5324.33	0
3.202	1	2	2	5323.86	0
3.203	1	3	3	5325.57	0
3.241	1	1	1	5324.32	0
3.242	1	2	2	5323.85	0
3.243	1	3	3	5325.57	0
3.281	1	1	1	5324.31	0
3.282	1	2	2	5323.85	0
3.283	1	3	3	5325.57	0
3.321	1	1	1	5324.31	0
3.322	1	2	2	5323.84	0
3.323	1	3	3	5325.57	0
3.361	1	1	1	5324.3	0
3.362	1	2	2	5323.84	0
3.363	1	3	3	5325.58	0
3.401	1	1	1	5324.3	0
3.402	1	2	2	5323.83	0
3.403	1	3	3	5325.58	0
3.441	1	1	1	5324.29	0
3.442	1	2	2	5323.83	0
3.443	1	3	3	5325.58	0
3.481	1	1	1	5324.29	0
3.482	1	2	2	5323.82	0
3.483	1	3	3	5325.58	0
3.521	1	1	1	5324.28	0
3.522	1	2	2	5323.82	0
3.523	1	3	3	5325.58	0
3.561	1	1	1	5324.28	0
3.562	1	2	2	5323.81	0
3.563	1	3	3	5325.59	0
3.601	1	1	1	5324.27	0
3.602	1	2	2	5323.81	0
3.603	1	3	3	5325.59	0
3.641	1	1	1	5324.26	0
3.642	1	2	2	5323.8	0
3.643	1	3	3	5325.59	0
3.681	1	1	1	5324.26	0
3.682	1	2	2	5323.8	0
3.683	1	3	3	5325.59	0
3.721	1	1	1	5324.25	0
3.722	1	2	2	5323.79	0
3.723	1	3	3	5325.59	0
3.761	1	1	1	5324.25	0
3.762	1	2	2	5323.79	0
3.763	1	3	3	5325.6	0
3.801	1	1	1	5324.24	0
3.802	1	2	2	5323.78	0
3.803	1	3	3	5325.6	0
3.841	1	1	1	5324.24	0
3.842	1	2	2	5323.78	0
3.843	1	3	3	5325.6	0
3.881	1	1	1	5324.23	0
3.882	1	2	2	5323.77	0
3.883	1	3	3	5325.6	0
3.921	1	1	1	5324.23	0
3.922	1	2	2	5323.77	0
3.923	1	3	3	5325.6	0
3.961	1	1	1	5324.22	0
3.962	1	2	2	5323.76	0
3.963	1	3	3	5325.61	0
4.001	1	1	1	5324.61	0
4.002	1	2	2	5325.42	0
4.003	1	3	3	5324.58	0
4.041	1	1	1	5325.04	0
4.042	1	2	2	5326	0
4.043	1	3	3	5324.43	0
4.081	1	1	1	5325.04	0
4.082	1	2	2	5326.01	0
4.083	1	3	3	5324.43	0
4.121	1	1	1	5325.04	0
4.122	1	2	2	5326.01	0
4.123	1	3	3	5324.43	0
4.161	1	1	1	5325.03	0
4.162	1	2	2	5326.01	0
4.163	1	3	3	5324.43	0
4.201	1	1	1	5325.03	0
4.202	1	2	2	5326.02	0
4.203	1	3	3	5324.43	0
4.241	1	1	1	5325.03	0
4.242	1	2	2	5326.02	0
4.243	1	3	3	5324.43	0
4.281	1	1	1	5325.03	0
4.282	1	2	2	5326.03	0
4.283	1	3	3	5324.43	0
4.321	1	1	1	5325.03	0
4.322	1	2	2	5326.03	0
4.323	1	3	3	5324.43	0
4.361	1	1	1	5325.03	0
4.362	1	2	2	5326.03	0
4.363	1	3	3	5324.43	0
4.401	1	1	1	5325.03	0
4.402	1	2	2	5326.04	0
4.403	1	3	3	5324.43	0
4.441	1	1	1	5325.03	0
4.442	1	2	2	5326.04	0
4.443	1	3	3	5324.43	0
4.481	1	1	1	5325.03	0
4.482	1	2	2	5326.05	0
4.483	1	3	3	5324.43	0
4.521	1	1	1	5325.03	0
4.522	1	2	2	5326.05	0
4.523	1	3	3	5324.43	0
4.561	1	1	1	5325.03	0
4.562	1	2	2	5326.06	0
4.563	1	3	3	5324.42	0
4.601	1	1	1	5325.02	0
4.602	1	2	2	5326.06	0
4.603	1	3	3	5324.42	0
4.641	1	1	1	5325.02	0
4.642	1	2	2	5326.06	0
4.643	1	3	3	5324.42	0
4.681	1	1	1	5325.02	0
4.682	1	2	2	5326.07	0
4.683	1	3	3	5324.42	0
4.721	1	1	1	5325.02	0
4.722	1	2	2	5326.07	0
4.723	1	3	3	5324.42	0
4.761	1	1	1	5325.02	0
4.762	1	2	2	5326.08	0
4.763	1	3	3	5324.42	0
4.801	1	1	1	5325.02	0
4.802	1	2	2	5326.08	0
4.803	1	3	3	5324.42	0
4.841	1	1	1	5325.02	0
4.842	1	2	2	5326.09	0
4.843	1	3	3	5324.42	0
4.881	1	1	1	5325.02	0
4.882	1	2	2	5326.09	0
4.883	1	3	3	5324.42	0
4.921	1	1	1	5325.02	0
4.922	1	2	2	5326.1	0
4.923	1	3	3	5324.42	0
4.961	1	1	1	5325.02	0
4.962	1	2	2	5326.1	0
4.963	1	3	3	5324.42	0
5.001	1	1	1	5325.01	0
5.002	1	2	2	5326.1	0
5.003	1	3	3	5324.42	0
5.041	1	1	1	5325.01	0
5.042	1	2	2	5326.11	0
5.043	1	3	3	5324.42	0
5.081	1	1	1	5325.01	0
5.082	1	2	2	5326.11	0
5.083	1	3	3	5324.42	0
5.121	1	1	1	5325.01	0
5.122	1	2	2	5326.12	0
5.123	1	3	3	5324.42	0
5.161	1	1	1	5325.01	0
5.162	1	2	2	5326.12	0
5.163	1	3	3	5324.42	0
5.201	1	1	1	5325.01	0
5.202	1	2	2	5326.13	0
5.203	1	3	3	5324.42	0
5.241	1	1	1	5325.01	0
5.242	1	2	2	5326.13	0
5.243	1	3	3	5324.42	0
5.281	1	1	1	5325.01	0
5.282	1	2	2	5326.14	0
5.283	1	3	3	5324.42	0
5.321	1	1	1	5325.01	0
5.322	1	2	2	5326.14	0
5.323	1	3	3	5324.42	0
5.361	1	1	1	5325	0
5.362	1	2	2	5326.15	0
5.363	1	3	3	5324.41	0
5.401	1	1	1	5325	0
5.402	1	2	2	5326.15	0
5.403	1	3	3	5324.41	0
5.441	1	1	1	5325	0
5.442	1	2	2	5326.16	0
5.443	1	3	3	5324.41	0
5.481	1	1	1	5325	0
5.482	1	2	2	5326.16	0
5.483	1	3	3	5324.41	0
5.521	1	1	1	5325	0
5.522	1	2	2	5326.17	0
5.523	1	3	3	5324.41	0
5.561	1	1	1	5325	0
5.562	1	2	2	5326.17	0
5.563	1	3	3	5324.41	0
5.601	1	1	1	5325	0
5.602	1	2	2	5326.18	0
5.603	1	3	3	5324.41	0
5.641	1	1	1	5325	0
5.642	1	2	2	5326.18	0
5.643	1	3	3	5324.41	0
5.681	1	1	1	5325	0
5.682	1	2	2	5326.19	0
5.683	1	3	3	5324.41	0
5.721	1	1	1	5324.99	0
5.722	1	2	2	5326.19	0
5.723	1	3	3	5324.41	0
5.761	1	1	1	5324.99	0
5.762	1	2	2	5326.2	0
5.763	1	3	3	5324.41	0
5.801	1	1	1	5324.99	0
5.802	1	2	2	5326.2	0
5.803	1	3	3	5324.41	0
5.841	1	1	1	5324.99	0
5.842	1	2	2	5326.21	0
5.843	1	3	3	5324.41	0
5.881	1	1	1	5324.99	0
5.882	1	2	2	5326.21	0
5.883	1	3	3	5324.41	0
5.921	1	1	1	5324.99	0
5.922	1	2	2	5326.22	0
5.923	1	3	3	5324.41	0
5.961	1	1	1	5324.99	0
5.962	1	2	2	5326.22	0
5.963	1	3	3	5324.41	0
6.001	1	1	1	5324.97	0
6.002	1	2	2	5325.06	0
6.003	1	3	3	5324.25	0
6.041	1	1	1	5324.95	0
6.042	1	2	2	5324.64	0
6.043	1	3	3	5324.23	0
6.081	1	1	1	5324.95	0
6.082	1	2	2	5324.63	0
6.083	1	3	3	5324.23	0
6.121	1	1	1	5324.95	0
6.122	1	2	2	5324.63	0
6.123	1	3	3	5324.23	0
6.161	1	1	1	5324.95	0
6.162	1	2	2	5324.62	0
6.163	1	3	3	5324.23	0
6.201	1	1	1	5324.95	0
6.202	1	2	2	5324.61	0
6.203	1	3	3	5324.23	0
6.241	1	1	1	5324.95	0
6.242	1	2	2	5324.6	0
6.243	1	3	3	5324.23	0
6.281	1	1	1	5324.96	0
6.282	1	2	2	5324.59	0
6.283	1	3	3	5324.23	0
6.321	1	1	1	5324.96	0
6.322	1	2	2	5324.58	0
6.323	1	3	3	5324.23	0
6.361	1	1	1	5324.96	0
6.362	1	2	2	5324.57	0
6.363	1	3	3	5324.23	0
6.401	1	1	1	5324.96	0
6.402	1	2	2	5324.56	0
6.403	1	3	3	5324.23	0
6.441	1	1	1	5324.96	0
6.442	1	2	2	5324.55	0
6.443	1	3	3	5324.23	0
6.481	1	1	1	5324.96	0
6.482	1	2	2	5324.54	0
6.483	1	3	3	5324.23	0
6.521	1	1	1	5324.96	0
6.522	1	2	2	5324.53	0
6.523	1	3	3	5324.23	0
6.561	1	1	1	5324.96	0
6.562	1	2	2	5324.53	0
6.563	1	3	3	5324.23	0
6.601	1	1	1	5324.96	0
6.602	1	2	2	5324.52	0
6.603	1	3	3	5324.23	0
6.641	1	1	1	5324.96	0
6.642	1	2	2	5324.51	0
6.643	1	3	3	5324.23	0
6.681	1	1	1	5324.96	0
6.682	1	2	2	5324.5	0
6.683	1	3	3	5324.23	0
6.721	1	1	1	5324.96	0
6.722	1	2	2	5324.49	0
6.723	1	3	3	5324.23	0
6.761	1	1	1	5324.96	0
6.762	1	2	2	5324.48	0
6.763	1	3	3	5324.23	0
6.801	1	1	1	5324.96	0
6.802	1	2	2	5324.47	0
6.803	1	3	3	5324.23	0
6.841	1	1	1	5324.96	0
6.842	1	2	2	5324.46	0
6.843	1	3	3	5324.23	0
6.881	1	1	1	5324.96	0
6.882	1	2	2	5324.45	0
6.883	1	3	3	5324.23	0
6.921	1	1	1	5324.96	0
6.922	1	2	2	5324.44	0
6.923	1	3	3	5324.23	0
6.961	1	1	1	5324.96	0
6.962	1	2	2	5324.43	0
6.963	1	3	3	5324.23	0
7.001	1	1	1	5324.96	0
7.002	1	2	2	5324.43	0
7.003	1	3	3	5324.23	0
7.041	1	1	1	5324.96	0
7.042	1	2	2	5324.42	0
7.043	1	3	3	5324.23	0
7.081	1	1	1	5324.96	0
7.082	1	2	2	5324.41	0
7.083	1	3	3	5324.23	0
7.121	1	1	1	5324.96	0
7.122	1	2	2	5324.4	0
7.123	1	3	3	5324.23	0
7.161	1	1	1	5324.96	0
7.162	1	2	2	5324.39	0
7.163	1	3	3	5324.23	0
7.201	1	1	1	5324.96	0
7.202	1	2	2	5324.38	0
7.203	1	3	3	5324.23	0
7.241	1	1	1	5324.96	0
7.242	1	2	2	5324.37	0
7.243	1	3	3	5324.23	0
7.281	1	1	1	5324.96	0
7.282	1	2	2	5324.36	0
7.283	1	3	3	5324.23	0
7.321	1	1	1	5324.96	0
7.322	1	2	2	5324.35	0
7.323	1	3	3	5324.23	0
7.361	1	1	1	5324.96	0
7.362	1	2	2	5324.35	0
7.363	1	3	3	5324.23	0
7.401	1	1	1	5324.96	0
7.402	1	2	2	5324.34	0
7.403	1	3	3	5324.23	0
7.441	1	1	1	5324.96	0
7.442	1	2	2	5324.33	0
7.443	1	3	3	5324.23	0
7.481	1	1	1	5324.96	0
7.482	1	2	2	5324.32	0
7.483	1	3	3	5324.24	0
7.521	1	1	1	5324.96	0
7.522	1	2	2	5324.31	0
7.523	1	3	3	5324.24	0
7.561	1	1	1	5324.96	0
7.562	1	2	2	5324.3	0
7.563	1	3	3	5324.24	0
7.601	1	1	1	5324.96	0
7.602	1	2	2	5324.29	0
7.603	1	3	3	5324.24	0
7.641	1	1	1	5324.97	0
7.642	1	2	2	5324.28	0
7.643	1	3	3	5324.24	0
7.681	1	1	1	5324.97	0
7.682	1	2	2	5324.28	0
7.683	1	3	3	5324.24	0
7.721	1	1	1	5324.97	0
7.722	1	2	2	5324.27	0
7.723	1	3	3	5324.24	0
7.761	1	1	1	5324.97	0
7.762	1	2	2	5324.26	0
7.763	1	3	3	5324.24	0
7.801	1	1	1	5324.97	0
7.802	1	2	2	5324.25	0
7.803	1	3	3	5324.24	0
7.841	1	1	1	5324.97	0
7.842	1	2	2	5324.24	0
7.843	1	3	3	5324.24	0
7.881	1	1	1	5324.97	0
7.882	1	2	2	5324.23	0
7.883	1	3	3	5324.24	0
7.921	1	1	1	5324.97	0
7.922	1	2	2	5324.22	0
7.923	1	3	3	5324.24	0
7.961	1	1	1	5324.97	0
7.962	1	2	2	5324.22	0
7.963	1	3	3	5324.24	0
8.001	1	1	1	5324.42	0
8.002	1	2	2	5323.5	0
8.003	1	3	3	5324.73	0
8.041	1	1	1	5323.83	0
8.042	1	2	2	5323.26	0
8.043	1	3	3	5324.8	0
8.081	1	1	1	5323.83	0
8.082	1	2	2	5323.26	0
8.083	1	3	3	5324.8	0
8.121	1	1	1	5323.83	0
8.122	1	2	2	5323.26	0
8.123	1	3	3	5324.8	0
8.161	1	1	1	5323.82	0
8.162	1	2	2	5323.27	0
8.163	1	3	3	5324.8	0
8.201	1	1	1	5323.82	0
8.202	1	2	2	5323.27	0
8.203	1	3	3	5324.8	0
8.241	1	1	1	5323.82	0
8.242	1	2	2	5323.27	0
8.243	1	3	3	5324.8	0
8.281	1	1	1	5323.82	0
8.282	1	2	2	5323.27	0
8.283	1	3	3	5324.8	0
8.321	1	1	1	5323.82	0
8.322	1	2	2	5323.27	0
8.323	1	3	3	5324.8	0
8.361	1	1	1	5323.82	0
8.362	1	2	2	5323.27	0
8.363	1	3	3	5324.8	0
8.401	1	1	1	5323.82	0
8.402	1	2	2	5323.28	0
8.403	1	3	3	5324.8	0
8.441	1	1	1	5323.82	0
8.442	1	2	2	5323.28	0
8.443	1	3	3	5324.8	0
8.481	1	1	1	5323.82	0
8.482	1	2	2	5323.28	0
8.483	1	3	3	5324.8	0
8.521	1	1	1	5323.82	0
8.522	1	2	2	5323.28	0
8.523	1	3	3	5324.8	0
8.561	1	1	1	5323.82	0
8.562	1	2	2	5323.28	0
8.563	1	3	3	5324.8	0
8.601	1	1	1	5323.82	0
8.602	1	2	2	5323.28	0
8.603	1	3	3	5324.8	0
8.641	1	1	1	5323.82	0
8.642	1	2	2	5323.29	0
8.643	1	3	3	5324.8	0
8.681	1	1	1	5323.82	0
8.682	1	2	2	5323.29	0
8.683	1	3	3	5324.8	0
8.721	1	1	1	5323.81	0
8.722	1	2	2	5323.29	0
8.723	1	3	3	5324.8	0
8.761	1	1	1	5323.81	0
8.762	1	2	2	5323.29	0
8.763	1	3	3	5324.8	0
8.801	1	1	1	5323.81	0
8.802	1	2	2	5323.29	0
8.803	1	3	3	5324.8	0
8.841	1	1	1	5323.81	0
8.842	1	2	2	5323.29	0
8.843	1	3	3	5324.8	0
8.881	1	1	1	5323.81	0
8.882	1	2	2	5323.3	0
8.883	1	3	3	5324.8	0
8.921	1	1	1	5323.81	0
8.922	1	2	2	5323.3	0
8.923	1	3	3	5324.8	0
8.961	1	1	1	5323.81	0
8.962	1	2	2	5323.3	0
8.963	1	3	3	5324.8	0
9.001	1	1	1	5323.81	0
9.002	1	2	2	5323.3	0
9.003	1	3	3	5324.8	0
9.041	1	1	1	5323.81	0
9.042	1	2	2	5323.3	0
9.043	1	3	3	5324.8	0
9.081	1	1	1	5323.81	0
9.082	1	2	2	5323.3	0
9.083	1	3	3	5324.8	0
9.121	1	1	1	5323.81	0
9.122	1	2	2	5323.31	0
9.123	1	3	3	5324.8	0
9.161	1	1	1	5323.81	0
9.162	1	2	2	5323.31	0
9.163	1	3	3	5324.8	0
9.201	1	1	1	5323.81	0
9.202	1	2	2	5323.31	0
9.203	1	3	3	5324.8	0
9.241	1	1	1	5323.81	0
9.242	1	2	2	5323.31	0
9.243	1	3	3	5324.8	0
9.281	1	1	1	5323.81	0
9.282	1	2	2	5323.31	0
9.283	1	3	3	5324.8	0
9.321	1	1	1	5323.81	0
9.322	1	2	2	5323.32	0
9.323	1	3	3	5324.8	0
9.361	1	1	1	5323.81	0
9.362	1	2	2	5323.32	0
9.363	1	3	3	5324.8	0
9.401	1	1	1	5323.81	0
9.402	1	2	2	5323.32	0
9.403	1	3	3	5324.8	0
9.441	1	1	1	5323.81	0
9.442	1	2	2	5323.32	0
9.443	1	3	3	5324.8	0
9.481	1	1	1	5323.8	0
9.482	1	2	2	5323.32	0
9.483	1	3	3	5324.8	0
9.521	1	1	1	5323.8	0
9.522	1	2	2	5323.32	0
9.523	1	3	3	5324.8	0
9.561	1	1	1	5323.8	0
9.562	1	2	2	5323.33	0
9.563	1	3	3	5324.8	0
9.601	1	1	1	5323.8	0
9.602	1	2	2	5323.33	0
9.603	1	3	3	5324.8	0
9.641	1	1	1	5323.8	0
9.642	1	2	2	5323.33	0
9.643	1	3	3	5324.8	0
9.681	1	1	1	5323.8	0
9.682	1	2	2	5323.33	0
9.683	1	3	3	5324.8	0
9.721	1	1	1	5323.8	0
9.722	1	2	2	5323.33	0
9.723	1	3	3	5324.8	0
9.761	1	1	1	5323.8	0
9.762	1	2	2	5323.34	0
9.763	1	3	3	5324.8	0
9.801	1	1	1	5323.8	0
9.802	1	2	2	5323.34	0
9.803	1	3	3	5324.8	0
9.841	1	1	1	5323.8	0
9.842	1	2	2	5323.34	0
9.843	1	3	3	5324.8	0
9.881	1	1	1	5323.8	0
9.882	1	2	2	5323.34	0
9.883	1	3	3	5324.8	0
9.921	1	1	1	5323.8	0
9.922	1	2	2	5323.34	0
9.923	1	3	3	5324.8	0
9.961	1	1	1	5323.8	0
9.962	1	2	2	5323.34	0
9.963	1	3	3	5324.8	0
10.001	1	1	1	5324.11	0
10.002	1	2	2	5324.58	0
10.003	1	3	3	5324.74	0
10.041	1	1	1	5324.45	0
10.042	1	2	2	5325.01	0
10.043	1	3	3	5324.73	0
10.081	1	1	1	5324.44	0
10.082	1	2	2	5325	0
10.083	1	3	3	5324.73	0
10.121	1	1	1	5324.44	0
10.122	1	2	2	5325	0
10.123	1	3	3	5324.73	0
10.161	1	1	1	5324.44	0
10.162	1	2	2	5324.99	0
10.163	1	3	3	5324.73	0
10.201	1	1	1	5324.44	0
10.202	1	2	2	5324.98	0
10.203	1	3	3	5324.73	0
10.241	1	1	1	5324.44	0
10.242	1	2	2	5324.98	0
10.243	1	3	3	5324.73	0
10.281	1	1	1	5324.44	0
10.282	1	2	2	5324.97	0
10.283	1	3	3	5324.73	0
10.321	1	1	1	5324.44	0
10.322	1	2	2	5324.97	0
10.323	1	3	3	5324.73	0
10.361	1	1	1	5324.44	0
10.362	1	2	2	5324.96	0
10.363	1	3	3	5324.73	0
10.401	1	1	1	5324.44	0
10.402	1	2	2	5324.96	0
10.403	1	3	3	5324.73	0
10.441	1	1	1	5324.44	0
10.442	1	2	2	5324.95	0
10.443	1	3	3	5324.73	0
10.481	1	1	1	5324.44	0
10.482	1	2	2	5324.95	0
10.483	1	3	3	5324.73	0
10.521	1	1	1	5324.44	0
10.522	1	2	2	5324.94	0
10.523	1	3	3	5324.73	0
10.561	1	1	1	5324.44	0
10.562	1	2	2	5324.93	0
10.563	1	3	3	5324.73	0
10.601	1	1	1	5324.43	0
10.602	1	2	2	5324.93	0
10.603	1	3	3	5324.73	0
10.641	1	1	1	5324.43	0
10.642	1	2	2	5324.92	0
10.643	1	3	3	5324.73	0
10.681	1	1	1	5324.43	0
10.682	1	2	2	5324.92	0
10.683	1	3	3	5324.73	0
10.721	1	1	1	5324.43	0
10.722	1	2	2	5324.91	0
10.723	1	3	3	5324.73	0
10.761	1	1	1	5324.43	0
10.762	1	2	2	5324.91	0
10.763	1	3	3	5324.73	0
10.801	1	1	1	5324.43	0
10.802	1	2	2	5324.9	0
10.803	1	3	3	5324.73	0
10.841	1	1	1	5324.43	0
10.842	1	2	2	5324.89	0
10.843	1	3	3	5324.73	0
10.881	1	1	1	5324.43	0
10.882	1	2	2	5324.89	0
10.883	1	3	3	5324.73	0
10.921	1	1	1	5324.43	0
10.922	1	2	2	5324.88	0
10.923	1	3	3	5324.73	0
10.961	1	1	1	5324.43	0
10.962	1	2	2	5324.88	0
10.963	1	3	3	5324.73	0
11.001	1	1	1	5324.43	0
11.002	1	2	2	5324.87	0
11.003	1	3	3	5324.73	0
11.041	1	1	1	5324.43	0
11.042	1	2	2	5324.86	0
11.043	1	3	3	5324.73	0
11.081	1	1	1	5324.43	0
11.082	1	2	2	5324.86	0
11.083	1	3	3	5324.73	0
11.121	1	1	1	5324.43	0
11.122	1	2	2	5324.85	0
11.123	1	3	3	5324.73	0
11.161	1	1	1	5324.42	0
11.162	1	2	2	5324.85	0
11.163	1	3	3	5324.73	0
11.201	1	1	1	5324.42	0
11.202	1	2	2	5324.84	0
11.203	1	3	3	5324.73	0
11.241	1	1	1	5324.42	0
11.242	1	2	2	5324.83	0
11.243	1	3	3	5324.73	0
11.281	1	1	1	5324.42	0
11.282	1	2	2	5324.83	0
11.283	1	3	3	5324.73	0
11.321	1	1	1	5324.42	0
11.322	1	2	2	5324.82	0
11.323	1	3	3	5324.73	0
11.361	1	1	1	5324.42	0
11.362	1	2	2	5324.82	0
11.363	1	3	3	5324.73	0
11.401	1	1	1	5324.42	0
11.402	1	2	2	5324.81	0
11.403	1	3	3	5324.73	0
11.441	1	1	1	5324.42	0
11.442	1	2	2	5324.8	0
11.443	1	3	3	5324.73	0
11.481	1	1	1	5324.42	0
11.482	1	2	2	5324.8	0
11.483	1	3	3	5324.73	0
11.521	1	1	1	5324.42	0
11.522	1	2	2	5324.79	0
11.523	1	3	3	5324.73	0
11.561	1	1	1	5324.42	0
11.562	1	2	2	5324.79	0
11.563	1	3	3	5324.73	0
11.601	1	1	1	5324.42	0
11.602	1	2	2	5324.78	0
11.603	1	3	3	5324.73	0
11.641	1	1	1	5324.42	0
11.642	1	2	2	5324.77	0
11.643	1	3	3	5324.73	0
11.681	1	1	1	5324.42	0
11.682	1	2	2	5324.77	0
11.683	1	3	3	5324.73	0
11.721	1	1	1	5324.41	0
11.722	1	2	2	5324.76	0
11.723	1	3	3	5324.73	0
11.761	1	1	1	5324.41	0
11.762	1	2	2	5324.75	0
11.763	1	3	3	5324.73	0
11.801	1	1	1	5324.41	0
11.802	1	2	2	5324.75	0
11.803	1	3	3	5324.73	0
11.841	1	1	1	5324.41	0
11.842	1	2	2	5324.74	0
11.843	1	3	3	5324.73	0
11.881	1	1	1	5324.41	0
11.882	1	2	2	5324.74	0
11.883	1	3	3	5324.73	0
11.921	1	1	1	5324.41	0
11.922	1	2	2	5324.73	0
11.923	1	3	3	5324.73	0
11.961	1	1	1	5324.41	0
11.962	1	2	2	5324.72	0
11.963	1	3	3	5324.73	0
12.001	1	1	1	5324.39	0
12.002	1	2	2	5324.19	0
12.003	1	3	3	5325.14	0
12.041	1	1	1	5324.37	0
12.042	1	2	2	5323.99	0
12.043	1	3	3	5325.2	0
12.081	1	1	1	5324.37	0
12.082	1	2	2	5323.98	0
12.083	1	3	3	5325.2	0
12.121	1	1	1	5324.37	0
12.122	1	2	2	5323.98	0
12.123	1	3	3	5325.2	0
12.161	1	1	1	5324.37	0
12.162	1	2	2	5323.97	0
12.163	1	3	3	5325.2	0
12.201	1	1	1	5324.36	0
12.202	1	2	2	5323.96	0
12.203	1	3	3	5325.2	0
12.241	1	1	1	5324.36	0
12.242	1	2	2	5323.95	0
12.243	1	3	3	5325.2	0
12.281	1	1	1	5324.36	0
12.282	1	2	2	5323.94	0
12.283	1	3	3	5325.2	0
12.321	1	1	1	5324.36	0
12.322	1	2	2	5323.93	0
12.323	1	3	3	5325.2	0
12.361	1	1	1	5324.36	0
12.362	1	2	2	5323.92	0
12.363	1	3	3	5325.21	0
12.401	1	1	1	5324.35	0
12.402	1	2	2	5323.92	0
12.403	1	3	3	5325.21	0
12.441	1	1	1	5324.35	0
12.442	1	2	2	5323.91	0
12.443	1	3	3	5325.21	0
12.481	1	1	1	5324.35	0
12.482	1	2	2	5323.9	0
12.483	1	3	3	5325.21	0
12.521	1	1	1	5324.35	0
12.522	1	2	2	5323.89	0
12.523	1	3	3	5325.21	0
12.561	1	1	1	5324.35	0
12.562	1	2	2	5323.88	0
12.563	1	3	3	5325.21	0
12.601	1	1	1	5324.34	0
12.602	1	2	2	5323.87	0
12.603	1	3	3	5325.21	0
12.641	1	1	1	5324.34	0
12.642	1	2	2	5323.87	0
12.643	1	3	3	5325.21	0
12.681	1	1	1	5324.34	0
12.682	1	2	2	5323.86	0
12.683	1	3	3	5325.21	0
12.721	1	1	1	5324.34	0
12.722	1	2	2	5323.85	0
12.723	1	3	3	5325.21	0
12.761	1	1	1	5324.34	0
12.762	1	2	2	5323.84	0
12.763	1	3	3	5325.21	0
12.801	1	1	1	5324.33	0
12.802	1	2	2	5323.84	0
12.803	1	3	3	5325.21	0
12.841	1	1	1	5324.33	0
12.842	1	2	2	5323.83	0
12.843	1	3	3	5325.21	0
12.881	1	1	1	5324.33	0
12.882	1	2	2	5323.82	0
12.883	1	3	3	5325.22	0
12.921	1	1	1	5324.33	0
12.922	1	2	2	5323.81	0
12.923	1	3	3	5325.22	0
12.961	1	1	1	5324.33	0
12.962	1	2	2	5323.81	0
12.963	1	3	3	5325.22	0
13.001	1	1	1	5324.33	0
13.002	1	2	2	5323.8	0
13.003	1	3	3	5325.22	0
13.041	1	1	1	5324.32	0
13.042	1	2	2	5323.79	0
13.043	1	3	3	5325.22	0
13.081	1	1	1	5324.32	0
13.082	1	2	2	5323.78	0
13.083	1	3	3	5325.22	0
13.121	1	1	1	5324.32	0
13.122	1	2	2	5323.78	0
13.123	1	3	3	5325.22	0
13.161	1	1	1	5324.32	0
13.162	1	2	2	5323.77	0
13.163	1	3	3	5325.22	0
13.201	1	1	1	5324.32	0
13.202	1	2	2	5323.76	0
13.203	1	3	3	5325.22	0
13.241	1	1	1	5324.31	0
13.242	1	2	2	5323.76	0
13.243	1	3	3	5325.22	0
13.281	1	1	1	5324.31	0
13.282	1	2	2	5323.75	0
13.283	1	3	3	5325.22	0
13.321	1	1	1	5324.31	0
13.322	1	2	2	5323.74	0
13.323	1	3	3	5325.22	0
13.361	1	1	1	5324.31	0
13.362	1	2	2	5323.74	0
13.363	1	3	3	5325.22	0
13.401	1	1	1	5324.31	0
13.402	1	2	2	5323.73	0
13.403	1	3	3	5325.22	0
13.441	1	1	1	5324.31	0
13.442	1	2	2	5323.72	0
13.443	1	3	3	5325.23	0
13.481	1	1	1	5324.3	0
13.482	1	2	2	5323.72	0
13.483	1	3	3	5325.23	0
13.521	1	1	1	5324.3	0
13.522	1	2	2	5323.71	0
13.523	1	3	3	5325.23	0
13.561	1	1	1	5324.3	0
13.562	1	2	2	5323.7	0
13.563	1	3	3	5325.23	0
13.601	1	1	1	5324.3	0
13.602	1	2	2	5323.7	0
13.603	1	3	3	5325.23	0
13.641	1	1	1	5324.3	0
13.642	1	2	2	5323.69	0
13.643	1	3	3	5325.23	0
13.681	1	1	1	5324.3	0
13.682	1	2	2	5323.68	0
13.683	1	3	3	5325.23	0
13.721	1	1	1	5324.29	0
13.722	1	2	2	5323.68	0
13.723	1	3	3	5325.23	0
13.761	1	1	1	5324.29	0
13.762	1	2	2	5323.67	0
13.763	1	3	3	5325.23	0
13.801	1	1	1	5324.29	0
13.802	1	2	2	5323.67	0
13.803	1	3	3	5325.23	0
13.841	1	1	1	5324.29	0
13.842	1	2	2	5323.66	0
13.843	1	3	3	5325.23	0
13.881	1	1	1	5324.29	0
13.882	1	2	2	5323.66	0
13.883	1	3	3	5325.23	0
13.921	1	1	1	5324.28	0
13.922	1	2	2	5323.65	0
13.923	1	3	3	5325.23	0
13.961	1	1	1	5324.28	0
13.962	1	2	2	5323.64	0
13.963	1	3	3	5325.24	0
14.001	1	1	1	5324	0
14.002	1	2	2	5324.14	0
14.003	1	3	3	5324.09	0
14.041	1	1	1	5323.7	0
14.042	1	2	2	5324.32	0
14.043	1	3	3	5323.92	0
14.081	1	1	1	5323.7	0
14.082	1	2	2	5324.32	0
14.083	1	3	3	5323.92	0
14.121	1	1	1	5323.7	0
14.122	1	2	2	5324.31	0
14.123	1	3	3	5323.92	0
14.161	1	1	1	5323.7	0
14.162	1	2	2	5324.31	0
14.163	1	3	3	5323.92	0
14.201	1	1	1	5323.7	0
14.202	1	2	2	5324.31	0
14.203	1	3	3	5323.92	0
14.241	1	1	1	5323.71	0
14.242	1	2	2	5324.31	0
14.243	1	3	3	5323.92	0
14.281	1	1	1	5323.71	0
14.282	1	2	2	5324.31	0
14.283	1	3	3	5323.92	0
14.321	1	1	1	5323.71	0
14.322	1	2	2	5324.3	0
14.323	1	3	3	5323.92	0
14.361	1	1	1	5323.71	0
14.362	1	2	2	5324.3	0
14.363	1	3	3	5323.91	0
14.401	1	1	1	5323.71	0
14.402	1	2	2	5324.3	0
14.403	1	3	3	5323.91	0
14.441	1	1	1	5323.71	0
14.442	1	2	2	5324.3	0
14.443	1	3	3	5323.91	0
14.481	1	1	1	5323.71	0
14.482	1	2	2	5324.3	0
14.483	1	3	3	5323.91	0
14.521	1	1	1	5323.72	0
14.522	1	2	2	5324.29	0
14.523	1	3	3	5323.91	0
14.561	1	1	1	5323.72	0
14.562	1	2	2	5324.29	0
14.563	1	3	3	5323.91	0
14.601	1	1	1	5323.72	0
14.602	1	2	2	5324.29	0
14.603	1	3	3	5323.91	0
14.641	1	1	1	5323.72	0
14.642	1	2	2	5324.29	0
14.643	1	3	3	5323.91	0
14.681	1	1	1	5323.72	0
14.682	1	2	2	5324.29	0
14.683	1	3	3	5323.91	0
14.721	1	1	1	5323.72	0
14.722	1	2	2	5324.29	0
14.723	1	3	3	5323.9	0
14.761	1	1	1	5323.72	0
14.762	1	2	2	5324.28	0
14.763	1	3	3	5323.9	0
14.801	1	1	1	5323.72	0
14.802	1	2	2	5324.28	0
14.803	1	3	3	5323.9	0
14.841	1	1	1	5323.73	0
14.842	1	2	2	5324.28	0
14.843	1	3	3	5323.9	0
14.881	1	1	1	5323.73	0
14.882	1	2	2	5324.28	0
14.883	1	3	3	5323.9	0
14.921	1	1	1	5323.73	0
14.922	1	2	2	5324.28	0
14.923	1	3	3	5323.9	0
14.961	1	1	1	5323.73	0
14.962	1	2	2	5324.27	0
14.963	1	3	3	5323.9	0
15.001	1	1	1	5323.73	0
15.002	1	2	2	5324.27	0
15.003	1	3	3	5323.9	0
15.041	1	1	1	5323.73	0
15.042	1	2	2	5324.27	0
15.043	1	3	3	5323.9	0
15.081	1	1	1	5323.73	0
15.082	1	2	2	5324.27	0
15.083	1	3	3	5323.9	0
15.121	1	1	1	5323.73	0
15.122	1	2	2	5324.27	0
15.123	1	3	3	5323.9	0
15.161	1	1	1	5323.74	0
15.162	1	2	2	5324.26	0
15.163	1	3	3	5323.89	0
15.201	1	1	1	5323.74	0
15.202	1	2	2	5324.26	0
15.203	1	3	3	5323.89	0
15.241	1	1	1	5323.74	0
15.242	1	2	2	5324.26	0
15.243	1	3	3	5323.89	0
15.281	1	1	1	5323.74	0
15.282	1	2	2	5324.26	0
15.283	1	3	3	5323.89	0
15.321	1	1	1	5323.74	0
15.322	1	2	2	5324.26	0
15.323	1	3	3	5323.89	0
15.361	1	1	1	5323.74	0
15.362	1	2	2	5324.26	0
15.363	1	3	3	5323.89	0
15.401	1	1	1	5323.74	0
15.402	1	2	2	5324.25	0
15.403	1	3	3	5323.89	0
15.441	1	1	1	5323.74	0
15.442	1	2	2	5324.25	0
15.443	1	3	3	5323.89	0
15.481	1	1	1	5323.75	0
15.482	1	2	2	5324.25	0
15.483	1	3	3	5323.89	0
15.521	1	1	1	5323.75	0
15.522	1	2	2	5324.25	0
15.523	1	3	3	5323.89	0
15.561	1	1	1	5323.75	0
15.562	1	2	2	5324.25	0
15.563	1	3	3	5323.89	0
15.601	1	1	1	5323.75	0
15.602	1	2	2	5324.25	0
15.603	1	3	3	5323.89	0
15.641	1	1	1	5323.75	0
15.642	1	2	2	5324.24	0
15.643	1	3	3	5323.89	0
15.681	1	1	1	5323.75	0
15.682	1	2	2	5324.24	0
15.683	1	3	3	5323.88	0
15.721	1	1	1	5323.75	0
15.722	1	2	2	5324.24	0
15.723	1	3	3	5323.88	0
15.761	1	1	1	5323.75	0
15.762	1	2	2	5324.24	0
15.763	1	3	3	5323.88	0
15.801	1	1	1	5323.76	0
15.802	1	2	2	5324.24	0
15.803	1	3	3	5323.88	0
15.841	1	1	1	5323.76	0
15.842	1	2	2	5324.23	0
15.843	1	3	3	5323.88	0
15.881	1	1	1	5323.76	0
15.882	1	2	2	5324.23	0
15.883	1	3	3	5323.88	0
15.921	1	1	1	5323.76	0
15.922	1	2	2	5324.23	0
15.923	1	3	3	5323.88	0
15.961	1	1	1	5323.76	0
15.962	1	2	2	5324.23	0
15.963	1	3	3	5323.88	0
16.001	1	1	1	5323.99	0
16.002	1	2	2	5325.61	0
16.003	1	3	3	5324.68	0
16.041	1	1	1	5324.23	0
16.042	1	2	2	5326.1	0
16.043	1	3	3	5324.8	0
16.081	1	1	1	5324.23	0
16.082	1	2	2	5326.11	0
16.083	1	3	3	5324.8	0
16.121	1	1	1	5324.23	0
16.122	1	2	2	5326.11	0
16.123	1	3	3	5324.8	0
16.161	1	1	1	5324.23	0
16.162	1	2	2	5326.12	0
16.163	1	3	3	5324.8	0
16.201	1	1	1	5324.23	0
16.202	1	2	2	5326.12	0
16.203	1	3	3	5324.8	0
16.241	1	1	1	5324.23	0
16.242	1	2	2	5326.12	0
16.243	1	3	3	5324.8	0
16.281	1	1	1	5324.23	0
16.282	1	2	2	5326.13	0
16.283	1	3	3	5324.8	0
16.321	1	1	1	5324.23	0
16.322	1	2	2	5326.13	0
16.323	1	3	3	5324.8	0
16.361	1	1	1	5324.23	0
16.362	1	2	2	5326.14	0
16.363	1	3	3	5324.8	0
16.401	1	1	1	5324.23	0
16.402	1	2	2	5326.14	0
16.403	1	3	3	5324.8	0
16.441	1	1	1	5324.23	0
16.442	1	2	2	5326.15	0
16.443	1	3	3	5324.8	0
16.481	1	1	1	5324.23	0
16.482	1	2	2	5326.15	0
16.483	1	3	3	5324.8	0
16.521	1	1	1	5324.23	0
16.522	1	2	2	5326.15	0
16.523	1	3	3	5324.8	0
16.561	1	1	1	5324.23	0
16.562	1	2	2	5326.16	0
16.563	1	3	3	5324.8	0
16.601	1	1	1	5324.23	0
16.602	1	2	2	5326.16	0
16.603	1	3	3	5324.8	0
16.641	1	1	1	5324.23	0
16.642	1	2	2	5326.17	0
16.643	1	3	3	5324.8	0
16.681	1	1	1	5324.23	0
16.682	1	2	2	5326.17	0
16.683	1	3	3	5324.8	0
16.721	1	1	1	5324.23	0
16.722	1	2	2	5326.18	0
16.723	1	3	3	5324.8	0
16.761	1	1	1	5324.23	0
16.762	1	2	2	5326.18	0
16.763	1	3	3	5324.8	0
16.801	1	1	1	5324.23	0
16.802	1	2	2	5326.18	0
16.803	1	3	3	5324.8	0
16.841	1	1	1	5324.23	0
16.842	1	2	2	5326.19	0
16.843	1	3	3	5324.8	0
16.881	1	1	1	5324.23	0
16.882	1	2	2	5326.19	0
16.883	1	3	3	5324.8	0
16.921	1	1	1	5324.23	0
16.922	1	2	2	5326.2	0
16.923	1	3	3	5324.8	0
16.961	1	1	1	5324.23	0
16.962	1	2	2	5326.2	0
16.963	1	3	3	5324.8	0
17.001	1	1	1	5324.23	0
17.002	1	2	2	5326.21	0
17.003	1	3	3	5324.8	0
17.041	1	1	1	5324.23	0
17.042	1	2	2	5326.21	0
17.043	1	3	3	5324.8	0
17.081	1	1	1	5324.23	0
17.082	1	2	2	5326.22	0
17.083	1	3	3	5324.8	0
17.121	1	1	1	5324.24	0
17.122	1	2	2	5326.22	0
17.123	1	3	3	5324.8	0
17.161	1	1	1	5324.24	0
17.162	1	2	2	5326.23	0
17.163	1	3	3	5324.8	0
17.201	1	1	1	5324.24	0
17.202	1	2	2	5326.23	0
17.203	1	3	3	5324.8	0
17.241	1	1	1	5324.24	0
17.242	1	2	2	5326.23	0
17.243	1	3	3	5324.8	0
17.281	1	1	1	5324.24	0
17.282	1	2	2	5326.24	0
17.283	1	3	3	5324.8	0
17.321	1	1	1	5324.24	0
17.322	1	2	2	5326.24	0
17.323	1	3	3	5324.8	0
17.361	1	1	1	5324.24	0
17.362	1	2	2	5326.25	0
17.363	1	3	3	5324.8	0
17.401	1	1	1	5324.24	0
17.402	1	2	2	5326.25	0
17.403	1	3	3	5324.8	0
17.441	1	1	1	5324.24	0
17.442	1	2	2	5326.26	0
17.443	1	3	3	5324.8	0
17.481	1	1	1	5324.24	0
17.482	1	2	2	5326.26	0
17.483	1	3	3	5324.8	0
17.521	1	1	1	5324.24	0
17.522	1	2	2	5326.27	0
17.523	1	3	3	5324.8	0
17.561	1	1	1	5324.24	0
17.562	1	2	2	5326.27	0
17.563	1	3	3	5324.8	0
17.601	1	1	1	5324.24	0
17.602	1	2	2	5326.28	0
17.603	1	3	3	5324.8	0
17.641	1	1	1	5324.24	0
17.642	1	2	2	5326.28	0
17.643	1	3	3	5324.8	0
17.681	1	1	1	5324.24	0
17.682	1	2	2	5326.29	0
17.683	1	3	3	5324.8	0
17.721	1	1	1	5324.24	0
17.722	1	2	2	5326.29	0
17.723	1	3	3	5324.8	0
17.761	1	1	1	5324.24	0
17.762	1	2	2	5326.3	0
17.763	1	3	3	5324.8	0
17.801	1	1	1	5324.24	0
17.802	1	2	2	5326.3	0
17.803	1	3	3	5324.8	0
17.841	1	1	1	5324.24	0
17.842	1	2	2	5326.31	0
17.843	1	3	3	5324.8	0
17.881	1	1	1	5324.24	0
17.882	1	2	2	5326.31	0
17.883	1	3	3	5324.8	0
17.921	1	1	1	5324.24	0
17.922	1	2	2	5326.32	0
17.923	1	3	3	5324.8	0
17.961	1	1	1	5324.24	0
17.962	1	2	2	5326.32	0
17.963	1	3	3	5324.8	0
18.001	1	1	1	5324.23	0
18.002	1	2	2	5325.71	0
18.003	1	3	3	5324.95	0
18.041	1	1	1	5324.23	0
18.042	1	2	2	5325.5	0
18.043	1	3	3	5324.97	0
18.081	1	1	1	5324.22	0
18.082	1	2	2	5325.5	0
18.083	1	3	3	5324.97	0
18.121	1	1	1	5324.22	0
18.122	1	2	2	5325.5	0
18.123	1	3	3	5324.97	0
18.161	1	1	1	5324.22	0
18.162	1	2	2	5325.5	0
18.163	1	3	3	5324.97	0
18.201	1	1	1	5324.22	0
18.202	1	2	2	5325.5	0
18.203	1	3	3	5324.97	0
18.241	1	1	1	5324.22	0
18.242	1	2	2	5325.5	0
18.243	1	3	3	5324.97	0
18.281	1	1	1	5324.22	0
18.282	1	2	2	5325.5	0
18.283	1	3	3	5324.97	0
18.321	1	1	1	5324.22	0
18.322	1	2	2	5325.5	0
18.323	1	3	3	5324.97	0
18.361	1	1	1	5324.22	0
18.362	1	2	2	5325.5	0
18.363	1	3	3	5324.97	0
18.401	1	1	1	5324.22	0
18.402	1	2	2	5325.5	0
18.403	1	3	3	5324.97	0
18.441	1	1	1	5324.22	0
18.442	1	2	2	5325.5	0
18.443	1	3	3	5324.97	0
18.481	1	1	1	5324.22	0
18.482	1	2	2	5325.51	0
18.483	1	3	3	5324.97	0
18.521	1	1	1	5324.22	0
18.522	1	2	2	5325.51	0
18.523	1	3	3	5324.97	0
18.561	1	1	1	5324.22	0
18.562	1	2	2	5325.51	0
18.563	1	3	3	5324.97	0
18.601	1	1	1	5324.22	0
18.602	1	2	2	5325.51	0
18.603	1	3	3	5324.97	0
18.641	1	1	1	5324.22	0
18.642	1	2	2	5325.51	0
18.643	1	3	3	5324.97	0
18.681	1	1	1	5324.22	0
18.682	1	2	2	5325.51	0
18.683	1	3	3	5324.97	0
18.721	1	1	1	5324.22	0
18.722	1	2	2	5325.51	0
18.723	1	3	3	5324.97	0
18.761	1	1	1	5324.22	0
18.762	1	2	2	5325.51	0
18.763	1	3	3	5324.97	0
18.801	1	1	1	5324.22	0
18.802	1	2	2	5325.51	0
18.803	1	3	3	5324.97	0
18.841	1	1	1	5324.22	0
18.842	1	2	2	5325.51	0
18.843	1	3	3	5324.97	0
18.881	1	1	1	5324.22	0
18.882	1	2	2	5325.51	0
18.883	1	3	3	5324.97	0
18.921	1	1	1	5324.22	0
18.922	1	2	2	5325.51	0
18.923	1	3	3	5324.97	0
18.961	1	1	1	5324.22	0
18.962	1	2	2	5325.51	0
18.963	1	3	3	5324.97	0
19.001	1	1	1	5324.22	0
19.002	1	2	2	5325.51	0
19.003	1	3	3	5324.97	0
19.041	1	1	1	5324.22	0
19.042	1	2	2	5325.51	0
19.043	1	3	3	5324.97	0
19.081	1	1	1	5324.22	0
19.082	1	2	2	5325.51	0
19.083	1	3	3	5324.97	0
19.121	1	1	1	5324.22	0
19.122	1	2	2	5325.51	0
19.123	1	3	3	5324.97	0
19.161	1	1	1	5324.22	0
19.162	1	2	2	5325.51	0
19.163	1	3	3	5324.97	0
19.201	1	1	1	5324.22	0
19.202	1	2	2	5325.51	0
19.203	1	3	3	5324.97	0
19.241	1	1	1	5324.22	0
19.242	1	2	2	5325.51	0
19.243	1	3	3	5324.97	0
19.281	1	1	1	5324.22	0
19.282	1	2	2	5325.51	0
19.283	1	3	3	5324.97	0
19.321	1	1	1	5324.22	0
19.322	1	2	2	5325.51	0
19.323	1	3	3	5324.96	0
19.361	1	1	1	5324.22	0
19.362	1	2	2	5325.51	0
19.363	1	3	3	5324.96	0
19.401	1	1	1	5324.22	0
19.402	1	2	2	5325.51	0
19.403	1	3	3	5324.96	0
19.441	1	1	1	5324.21	0
19.442	1	2	2	5325.51	0
19.443	1	3	3	5324.96	0
19.481	1	1	1	5324.21	0
19.482	1	2	2	5325.51	0
19.483	1	3	3	5324.96	0
19.521	1	1	1	5324.21	0
19.522	1	2	2	5325.51	0
19.523	1	3	3	5324.96	0
19.561	1	1	1	5324.21	0
19.562	1	2	2	5325.51	0
19.563	1	3	3	5324.96	0
19.601	1	1	1	5324.21	0
19.602	1	2	2	5325.51	0
19.603	1	3	3	5324.96	0
19.641	1	1	1	5324.21	0
19.642	1	2	2	5325.51	0
19.643	1	3	3	5324.96	0
19.681	1	1	1	5324.21	0
19.682	1	2	2	5325.51	0
19.683	1	3	3	5324.96	0
19.721	1	1	1	5324.21	0
19.722	1	2	2	5325.51	0
19.723	1	3	3	5324.96	0
19.761	1	1	1	5324.21	0
19.762	1	2	2	5325.51	0
19.763	1	3	3	5324.96	0
19.801	1	1	1	5324.21	0
19.802	1	2	2	5325.51	0
19.803	1	3	3	5324.96	0
19.841	1	1	1	5324.21	0
19.842	1	2	2	5325.51	0
19.843	1	3	3	5324.96	0
19.881	1	1	1	5324.21	0
19.882	1	2	2	5325.51	0
19.883	1	3	3	5324.96	0
19.921	1	1	1	5324.21	0
19.922	1	2	2	5325.51	0
19.923	1	3	3	5324.96	0
19.961	1	1	1	5324.21	0
19.962	1	2	2	5325.51	0
19.963	1	3	3	5324.96	0
